1.000000,-0.500000,0.000000
1.030000,-0.500000,0.000000
1.060001,-0.500000,0.000000
1.090002,-0.500000,0.000000
1.120004,-0.500000,0.000000
1.150008,-0.500000,0.000000
1.180013,-0.500000,0.000000
1.210020,-0.500000,0.000000
1.240028,-0.500000,0.000000
1.270039,-0.500000,0.000000
1.300053,-0.500000,0.000000
1.330068,-0.500000,0.000000
1.360086,-0.500000,0.000000
1.390107,-0.500000,0.000000
1.420130,-0.500000,0.000000
1.450155,-0.500000,0.000000
1.480183,-0.500000,0.000000
1.510213,-0.500000,0.000000
1.540246,-0.500000,0.000000
1.570281,-0.500000,0.000000
1.600319,-0.500000,0.000000
1.630358,-0.500000,0.000000
1.660400,-0.500000,0.000000
1.690444,-0.500000,0.000000
1.720489,-0.500000,0.000000
1.750536,-0.500000,0.000000
1.780585,-0.500000,0.000000
1.810635,-0.500000,0.000000
1.840687,-0.500000,0.000000
1.870739,-0.500000,0.000000
1.900793,-0.500000,0.000000
1.930847,-0.500000,0.000000
1.960902,-0.500000,0.000000
1.990958,-0.500000,0.000000
2.021013,-0.500000,0.000000
2.051069,-0.500000,0.000000
2.081125,-0.500000,0.000000
2.111180,-0.500000,0.000000
2.141235,-0.500000,0.000000
2.171289,-0.500000,0.000000
2.201343,-0.500000,0.000000
2.231396,-0.500000,0.000000
2.261447,-0.500000,0.000000
2.291498,-0.500000,0.000000
2.321546,-0.500000,0.000000
2.351594,-0.500000,0.000000
2.381639,-0.500000,0.000000
2.411683,-0.500000,0.000000
2.441724,-0.500000,0.000000
2.471764,-0.500000,0.000000
2.501801,-0.500000,0.000000
2.531836,-0.500000,0.000000
2.561868,-0.500000,0.000000
2.591898,-0.500000,0.000000
2.621925,-0.500000,0.000000
2.651949,-0.500000,0.000000
2.681970,-0.500000,0.000000
2.711988,-0.500000,0.000000
2.742004,-0.500000,0.000000
2.772016,-0.500000,0.000000
2.802024,-0.500000,0.000000
2.832030,-0.500000,0.000000
2.862032,-0.500000,0.000000
2.892031,-0.500000,0.000000
2.922027,-0.500000,0.000000
2.952019,-0.500000,0.000000
2.982008,-0.500000,0.000000
3.011994,-0.500000,0.000000
3.041976,-0.500000,0.000000
3.071955,-0.500000,0.000000
3.101930,-0.500000,0.000000
3.131903,-0.500000,0.000000
3.161871,-0.500000,0.000000
3.191837,-0.500000,0.000000
3.221800,-0.500000,0.000000
3.251759,-0.500000,0.000000
3.281715,-0.500000,0.000000
3.311668,-0.500000,0.000000
3.341619,-0.500000,0.000000
3.371566,-0.500000,0.000000
3.401511,-0.500000,0.000000
3.431453,-0.500000,0.000000
3.461392,-0.500000,0.000000
3.491329,-0.500000,0.000000
3.521264,-0.500000,0.000000
3.551196,-0.500000,0.000000
3.581127,-0.500000,0.000000
3.611055,-0.500000,0.000000
3.640981,-0.500000,0.000000
3.670906,-0.500000,0.000000
3.700829,-0.500000,0.000000
3.730750,-0.500000,0.000000
3.760670,-0.500000,0.000000
3.790589,-0.500000,0.000000
3.820507,-0.500000,0.000000
3.850424,-0.500000,0.000000
3.880340,-0.500000,0.000000
3.910255,-0.500000,0.000000
3.940171,-0.500000,0.000000
3.970085,-0.500000,0.000000
4.000000,-0.500000,0.000000
4.029915,-0.500000,0.000000
4.059829,-0.500000,0.000000
4.089745,-0.500000,0.000000
4.119660,-0.500000,0.000000
4.149576,-0.500000,0.000000
4.179493,-0.500000,0.000000
4.209411,-0.500000,0.000000
4.239330,-0.500000,0.000000
4.269250,-0.500000,0.000000
4.299171,-0.500000,0.000000
4.329094,-0.500000,0.000000
4.359019,-0.500000,0.000000
4.388945,-0.500000,0.000000
4.418873,-0.500000,0.000000
4.448804,-0.500000,0.000000
4.478736,-0.500000,0.000000
4.508671,-0.500000,0.000000
4.538608,-0.500000,0.000000
4.568547,-0.500000,0.000000
4.598489,-0.500000,0.000000
4.628434,-0.500000,0.000000
4.658381,-0.500000,0.000000
4.688332,-0.500000,0.000000
4.718285,-0.500000,0.000000
4.748241,-0.500000,0.000000
4.778200,-0.500000,0.000000
4.808163,-0.500000,0.000000
4.838129,-0.500000,0.000000
4.868097,-0.500000,0.000000
4.898070,-0.500000,0.000000
4.928045,-0.500000,0.000000
4.958024,-0.500000,0.000000
4.988006,-0.500000,0.000000
5.017992,-0.500000,0.000000
5.047981,-0.500000,0.000000
5.077973,-0.500000,0.000000
5.107969,-0.500000,0.000000
5.137968,-0.500000,0.000000
5.167970,-0.500000,0.000000
5.197976,-0.500000,0.000000
5.227984,-0.500000,0.000000
5.257996,-0.500000,0.000000
5.288012,-0.500000,0.000000
5.318030,-0.500000,0.000000
5.348051,-0.500000,0.000000
5.378075,-0.500000,0.000000
5.408102,-0.500000,0.000000
5.438132,-0.500000,0.000000
5.468164,-0.500000,0.000000
5.498199,-0.500000,0.000000
5.528236,-0.500000,0.000000
5.558276,-0.500000,0.000000
5.588317,-0.500000,0.000000
5.618361,-0.500000,0.000000
5.648406,-0.500000,0.000000
5.678454,-0.500000,0.000000
5.708502,-0.500000,0.000000
5.738553,-0.500000,0.000000
5.768604,-0.500000,0.000000
5.798657,-0.500000,0.000000
5.828711,-0.500000,0.000000
5.858765,-0.500000,0.000000
5.888820,-0.500000,0.000000
5.918875,-0.500000,0.000000
5.948931,-0.500000,0.000000
5.978987,-0.500000,0.000000
6.009042,-0.500000,0.000000
6.039098,-0.500000,0.000000
6.069153,-0.500000,0.000000
6.099207,-0.500000,0.000000
6.129261,-0.500000,0.000000
6.159313,-0.500000,0.000000
6.189365,-0.500000,0.000000
6.219415,-0.500000,0.000000
6.249464,-0.500000,0.000000
6.279511,-0.500000,0.000000
6.309556,-0.500000,0.000000
6.339600,-0.500000,0.000000
6.369642,-0.500000,0.000000
6.399681,-0.500000,0.000000
6.429719,-0.500000,0.000000
6.459754,-0.500000,0.000000
6.489787,-0.500000,0.000000
6.519817,-0.500000,0.000000
6.549845,-0.500000,0.000000
6.579870,-0.500000,0.000000
6.609893,-0.500000,0.000000
6.639914,-0.500000,0.000000
6.669932,-0.500000,0.000000
6.699947,-0.500000,0.000000
6.729961,-0.500000,0.000000
6.759972,-0.500000,0.000000
6.789980,-0.500000,0.000000
6.819987,-0.500000,0.000000
6.849992,-0.500000,0.000000
6.879996,-0.500000,0.000000
6.909998,-0.500000,0.000000
6.939999,-0.500000,0.000000
6.970000,-0.500000,0.000000
7.000000,-0.500000,0.000000
