1.000000,0.288450,0.000000
1.032584,0.289566,0.000000
1.064733,0.290660,0.000000
1.096403,0.291781,0.000000
1.127549,0.292972,0.000000
1.158124,0.294274,0.000000
1.188081,0.295723,0.000000
1.217373,0.297353,0.000000
1.245952,0.299194,0.000000
1.273770,0.301273,0.000000
1.300780,0.303612,0.000000
1.326933,0.306228,0.000000
1.352181,0.309136,0.000000
1.376477,0.312344,0.000000
1.399773,0.315855,0.000000
1.422023,0.319666,0.000000
1.443184,0.323768,0.000000
1.463214,0.328146,0.000000
1.482075,0.332776,0.000000
1.499733,0.337627,0.000000
1.516161,0.342660,0.000000
1.531340,0.347828,0.000000
1.545261,0.353075,0.000000
1.557927,0.358341,0.000000
1.569355,0.363556,0.000000
1.579583,0.368651,0.000000
1.588664,0.373554,0.000000
1.596676,0.378197,0.000000
1.603716,0.382522,0.000000
1.609906,0.386484,0.000000
1.615383,0.390059,0.000000
1.620302,0.393249,0.000000
1.624823,0.396084,0.000000
1.629108,0.398629,0.000000
1.633309,0.400980,0.000000
1.637561,0.403266,0.000000
1.641972,0.405635,0.000000
1.646619,0.408255,0.000000
1.651544,0.411301,0.000000
1.656754,0.414942,0.000000
1.662224,0.419339,0.000000
1.667902,0.424634,0.000000
1.673714,0.430943,0.000000
1.679575,0.438360,0.000000
1.685390,0.446950,0.000000
1.691063,0.456756,0.000000
1.696504,0.467797,0.000000
1.701627,0.480073,0.000000
1.706355,0.493569,0.000000
1.710546,0.508257,0.000000
1.714066,0.524086,0.000000
1.716862,0.540998,0.000000
1.718890,0.558930,0.000000
1.720118,0.577820,0.000000
1.720519,0.597601,0.000000
1.720074,0.618209,0.000000
1.718768,0.639581,0.000000
1.716595,0.661654,0.000000
1.713549,0.684367,0.000000
1.709629,0.707662,0.000000
1.704837,0.731481,0.000000
1.699178,0.755770,0.000000
1.692658,0.780474,0.000000
1.685285,0.805542,0.000000
1.677068,0.830925,0.000000
1.668017,0.856573,0.000000
1.658145,0.882440,0.000000
1.647461,0.908479,0.000000
1.635980,0.934647,0.000000
1.623712,0.960899,0.000000
1.610671,0.987194,0.000000
1.596870,1.013489,0.000000
1.582322,1.039745,0.000000
1.567039,1.065920,0.000000
1.551034,1.091977,0.000000
1.534319,1.117875,0.000000
1.516905,1.143576,0.000000
1.498805,1.169042,0.000000
1.480029,1.194234,0.000000
1.460588,1.219114,0.000000
1.440491,1.243642,0.000000
1.419748,1.267780,0.000000
1.398366,1.291486,0.000000
1.376353,1.314718,0.000000
1.353717,1.337434,0.000000
1.330463,1.359587,0.000000
1.306598,1.381131,0.000000
1.282127,1.402016,0.000000
1.257058,1.422189,0.000000
1.231397,1.441595,0.000000
1.205152,1.460178,0.000000
1.178335,1.477879,0.000000
1.150960,1.494640,0.000000
1.123046,1.510405,0.000000
1.094615,1.525119,0.000000
1.065696,1.538737,0.000000
1.036323,1.551218,0.000000
1.006533,1.562526,0.000000
0.976367,1.572634,0.000000
0.945872,1.581534,0.000000
0.915097,1.589229,0.000000
0.884088,1.595732,0.000000
0.852923,1.601205,0.000000
0.821726,1.606158,0.000000
0.790478,1.610614,0.000000
0.759152,1.614551,0.000000
0.727723,1.617959,0.000000
0.696165,1.620797,0.000000
0.664426,1.622458,0.000000
0.632531,1.622726,0.000000
0.600528,1.621624,0.000000
0.568458,1.619189,0.000000
0.536361,1.615468,0.000000
0.504265,1.610513,0.000000
0.472197,1.604380,0.000000
0.440174,1.597123,0.000000
0.408209,1.588797,0.000000
0.376310,1.579450,0.000000
0.344483,1.569128,0.000000
0.312726,1.557873,0.000000
0.281040,1.545722,0.000000
0.249421,1.532709,0.000000
0.217865,1.518866,0.000000
0.186366,1.504221,0.000000
0.154919,1.488800,0.000000
0.123518,1.472627,0.000000
0.092157,1.455726,0.000000
0.060831,1.438119,0.000000
0.029532,1.419829,0.000000
-0.001743,1.400877,0.000000
-0.033000,1.381285,0.000000
-0.064243,1.361074,0.000000
-0.095477,1.340268,0.000000
-0.126707,1.318890,0.000000
-0.157936,1.296963,0.000000
-0.189167,1.274511,0.000000
-0.220406,1.251561,0.000000
-0.251655,1.228137,0.000000
-0.282919,1.204268,0.000000
-0.314201,1.179982,0.000000
-0.345506,1.155307,0.000000
-0.376837,1.130273,0.000000
-0.408201,1.104912,0.000000
-0.439601,1.079256,0.000000
-0.471044,1.053336,0.000000
-0.502535,1.027187,0.000000
-0.534081,1.000843,0.000000
-0.565691,0.974338,0.000000
-0.597371,0.947710,0.000000
-0.629130,0.920993,0.000000
-0.660980,0.894227,0.000000
-0.692929,0.867447,0.000000
-0.724989,0.840692,0.000000
-0.757173,0.814002,0.000000
-0.789512,0.787441,0.000000
-0.822079,0.761131,0.000000
-0.854886,0.735112,0.000000
-0.887940,0.709417,0.000000
-0.921250,0.684080,0.000000
-0.954825,0.659136,0.000000
-0.988676,0.634623,0.000000
-1.022814,0.610578,0.000000
-1.057250,0.587041,0.000000
-1.091995,0.564052,0.000000
-1.127062,0.541651,0.000000
-1.162462,0.519878,0.000000
-1.198204,0.498777,0.000000
-1.234298,0.478389,0.000000
-1.270752,0.458756,0.000000
-1.307571,0.439920,0.000000
-1.344759,0.421922,0.000000
-1.382317,0.404803,0.000000
-1.420240,0.388603,0.000000
-1.458521,0.373357,0.000000
-1.497150,0.359103,0.000000
-1.536110,0.345871,0.000000
-1.575382,0.333690,0.000000
-1.614938,0.322585,0.000000
-1.654750,0.312576,0.000000
-1.694783,0.303676,0.000000
-1.734999,0.295897,0.000000
-1.775354,0.289239,0.000000
-1.815804,0.283699,0.000000
-1.856300,0.279269,0.000000
-1.896792,0.275929,0.000000
-1.937228,0.273656,0.000000
-1.977555,0.272418,0.000000
-2.017719,0.272175,0.000000
-2.057668,0.272879,0.000000
-2.097348,0.274475,0.000000
-2.136706,0.276898,0.000000
-2.175690,0.280074,0.000000
-2.214250,0.283921,0.000000
-2.252332,0.288346,0.000000
-2.289887,0.293250,0.000000
-2.326861,0.298519,0.000000
-2.363198,0.304033,0.000000
-2.398840,0.309661,0.000000
-2.433722,0.315260,0.000000
-2.467771,0.320681,0.000000
-2.500903,0.325761,0.000000
