0.856000,0.041085,0.000000,0.000000
0.861618,0.061781,0.000000,0.000000
0.867232,0.082480,0.000000,0.000000
0.872838,0.103152,0.000000,0.000000
0.878431,0.123774,0.000000,0.000000
0.884005,0.144321,0.000000,0.000000
0.889553,0.164771,0.000000,0.000000
0.895067,0.185104,0.000000,0.000000
0.900538,0.205301,0.000000,0.000000
0.905957,0.225344,0.000000,0.000000
0.911314,0.245217,0.000000,0.000000
0.916598,0.264906,0.000000,0.000000
0.921798,0.284395,0.000000,0.000000
0.926903,0.303672,0.000000,0.000000
0.931901,0.322724,0.000000,0.000000
0.936781,0.341539,0.000000,0.000000
0.941530,0.360109,0.000000,0.000000
0.946137,0.378421,0.000000,0.000000
0.950590,0.396467,0.000000,0.000000
0.954877,0.414238,0.000000,0.000000
0.958988,0.431727,0.000000,0.000000
0.962912,0.448925,0.000000,0.000000
0.966639,0.465826,0.000000,0.000000
0.970159,0.482423,0.000000,0.000000
0.973463,0.498711,0.000000,0.000000
0.976545,0.514684,0.000000,0.000000
0.979397,0.530339,0.000000,0.000000
0.982012,0.545671,0.000000,0.000000
0.984388,0.560678,0.000000,0.000000
0.986519,0.575358,0.000000,0.000000
0.988405,0.589711,0.000000,0.000000
0.990043,0.603738,0.000000,0.000000
0.991434,0.617440,0.000000,0.000000
0.992579,0.630821,0.000000,0.000000
0.993480,0.643888,0.000000,0.000000
0.994141,0.656648,0.000000,0.000000
0.994565,0.669112,0.000000,0.000000
0.994757,0.681291,0.000000,0.000000
0.994721,0.693200,0.000000,0.000000
0.994461,0.704857,0.000000,0.000000
0.993980,0.716281,0.000000,0.000000
0.993281,0.727494,0.000000,0.000000
0.992366,0.738520,0.000000,0.000000
0.991232,0.749386,0.000000,0.000000
0.989878,0.760118,0.000000,0.000000
0.988299,0.770745,0.000000,0.000000
0.986486,0.781295,0.000000,0.000000
0.984430,0.791796,0.000000,0.000000
0.982118,0.802277,0.000000,0.000000
0.979536,0.812765,0.000000,0.000000
0.976666,0.823282,0.000000,0.000000
0.973490,0.833854,0.000000,0.000000
0.969958,0.844482,0.000000,0.000000
0.966018,0.855160,0.000000,0.000000
0.961648,0.865895,0.000000,0.000000
0.956829,0.876689,0.000000,0.000000
0.951542,0.887543,0.000000,0.000000
0.945771,0.898454,0.000000,0.000000
0.939499,0.909416,0.000000,0.000000
0.932713,0.920424,0.000000,0.000000
0.925402,0.931467,0.000000,0.000000
0.917556,0.942536,0.000000,0.000000
0.909167,0.953619,0.000000,0.000000
0.900232,0.964703,0.000000,0.000000
0.890745,0.975776,0.000000,0.000000
0.880706,0.986824,0.000000,0.000000
0.870116,0.997834,0.000000,0.000000
0.858975,1.008792,0.000000,0.000000
0.847288,1.019683,0.000000,0.000000
0.835059,1.030496,0.000000,0.000000
0.822295,1.041215,0.000000,0.000000
0.809001,1.051829,0.000000,0.000000
0.795185,1.062324,0.000000,0.000000
0.780857,1.072688,0.000000,0.000000
0.766026,1.082909,0.000000,0.000000
0.750701,1.092975,0.000000,0.000000
0.734893,1.102874,0.000000,0.000000
0.718612,1.112596,0.000000,0.000000
0.701870,1.122128,0.000000,0.000000
0.684679,1.131461,0.000000,0.000000
0.667050,1.140584,0.000000,0.000000
0.648995,1.149485,0.000000,0.000000
0.630526,1.158155,0.000000,0.000000
0.611656,1.166583,0.000000,0.000000
0.592398,1.174758,0.000000,0.000000
0.572763,1.182669,0.000000,0.000000
0.552764,1.190305,0.000000,0.000000
0.532415,1.197653,0.000000,0.000000
0.511727,1.204702,0.000000,0.000000
0.490714,1.211438,0.000000,0.000000
0.469388,1.217845,0.000000,0.000000
0.447762,1.223906,0.000000,0.000000
0.425849,1.229602,0.000000,0.000000
0.403664,1.234911,0.000000,0.000000
0.381219,1.239807,0.000000,0.000000
0.358528,1.244260,0.000000,0.000000
0.335609,1.248235,0.000000,0.000000
0.312477,1.251692,0.000000,0.000000
0.289151,1.254587,0.000000,0.000000
0.265651,1.256876,0.000000,0.000000
0.242003,1.258513,0.000000,0.000000
0.218230,1.259460,0.000000,0.000000
0.194363,1.259690,0.000000,0.000000
0.170425,1.259358,0.000000,0.000000
0.146432,1.258629,0.000000,0.000000
0.122397,1.257499,0.000000,0.000000
0.098331,1.255966,0.000000,0.000000
0.074247,1.254027,0.000000,0.000000
0.050157,1.251682,0.000000,0.000000
0.026073,1.248928,0.000000,0.000000
0.002007,1.245763,0.000000,0.000000
-0.022032,1.242188,0.000000,0.000000
-0.046031,1.238202,0.000000,0.000000
-0.069979,1.233804,0.000000,0.000000
-0.093868,1.228994,0.000000,0.000000
-0.117687,1.223774,0.000000,0.000000
-0.141425,1.218144,0.000000,0.000000
-0.165075,1.212105,0.000000,0.000000
-0.188627,1.205659,0.000000,0.000000
-0.212073,1.198808,0.000000,0.000000
-0.235405,1.191555,0.000000,0.000000
-0.258615,1.183903,0.000000,0.000000
-0.281695,1.175854,0.000000,0.000000
-0.304640,1.167413,0.000000,0.000000
-0.327443,1.158583,0.000000,0.000000
-0.350097,1.149369,0.000000,0.000000
-0.372598,1.139776,0.000000,0.000000
-0.394940,1.129809,0.000000,0.000000
-0.417119,1.119474,0.000000,0.000000
-0.439131,1.108777,0.000000,0.000000
-0.460971,1.097724,0.000000,0.000000
-0.482637,1.086323,0.000000,0.000000
-0.504127,1.074580,0.000000,0.000000
-0.525436,1.062504,0.000000,0.000000
-0.546565,1.050102,0.000000,0.000000
-0.567512,1.037383,0.000000,0.000000
-0.588275,1.024357,0.000000,0.000000
-0.608854,1.011032,0.000000,0.000000
-0.629249,0.997419,0.000000,0.000000
-0.649462,0.983527,0.000000,0.000000
-0.669491,0.969368,0.000000,0.000000
-0.689040,0.954543,0.000000,0.000000
-0.707831,0.938728,0.000000,0.000000
-0.725952,0.922097,0.000000,0.000000
-0.743517,0.904841,0.000000,0.000000
-0.760636,0.887127,0.000000,0.000000
-0.777397,0.869082,0.000000,0.000000
-0.793868,0.850795,0.000000,0.000000
-0.810097,0.832328,0.000000,0.000000
-0.826124,0.813727,0.000000,0.000000
-0.841975,0.795022,0.000000,0.000000
-0.857676,0.776237,0.000000,0.000000
-0.873246,0.757390,0.000000,0.000000
-0.888702,0.738496,0.000000,0.000000
-0.904060,0.719568,0.000000,0.000000
-0.919337,0.700618,0.000000,0.000000
-0.934546,0.681657,0.000000,0.000000
-0.949701,0.662693,0.000000,0.000000
-0.964818,0.643738,0.000000,0.000000
-0.979909,0.624801,0.000000,0.000000
-0.994990,0.605891,0.000000,0.000000
-1.010074,0.587019,0.000000,0.000000
-1.025176,0.568194,0.000000,0.000000
-1.040310,0.549425,0.000000,0.000000
-1.055490,0.530723,0.000000,0.000000
-1.070731,0.512097,0.000000,0.000000
-1.086047,0.493558,0.000000,0.000000
-1.101452,0.475116,0.000000,0.000000
-1.116960,0.456780,0.000000,0.000000
-1.132585,0.438561,0.000000,0.000000
-1.148340,0.420469,0.000000,0.000000
-1.164297,0.402578,0.000000,0.000000
-1.180513,0.384955,0.000000,0.000000
-1.196986,0.367596,0.000000,0.000000
-1.213711,0.350505,0.000000,0.000000
-1.230687,0.333682,0.000000,0.000000
-1.247911,0.317132,0.000000,0.000000
-1.265381,0.300861,0.000000,0.000000
-1.283095,0.284873,0.000000,0.000000
-1.301047,0.269175,0.000000,0.000000
-1.319235,0.253773,0.000000,0.000000
-1.337651,0.238671,0.000000,0.000000
-1.356289,0.223876,0.000000,0.000000
-1.375139,0.209392,0.000000,0.000000
-1.394192,0.195223,0.000000,0.000000
-1.413434,0.181372,0.000000,0.000000
-1.432853,0.167841,0.000000,0.000000
-1.452431,0.154629,0.000000,0.000000
-1.472151,0.141737,0.000000,0.000000
-1.491993,0.129160,0.000000,0.000000
-1.511935,0.116894,0.000000,0.000000
-1.531953,0.104933,0.000000,0.000000
-1.552020,0.093267,0.000000,0.000000
-1.572107,0.081886,0.000000,0.000000
-1.592185,0.070776,0.000000,0.000000
-1.612218,0.059923,0.000000,0.000000
-1.632172,0.049308,0.000000,0.000000
-1.652008,0.038913,0.000000,0.000000
-1.671685,0.028716,0.000000,0.000000
-1.691158,0.018695,0.000000,0.000000
-1.710379,0.008824,0.000000,0.000000
