1.100000,0.300739,0.000000
1.140615,0.301890,0.000000
1.180670,0.303037,0.000000
1.220086,0.304249,0.000000
1.258784,0.305590,0.000000
1.296687,0.307118,0.000000
1.333720,0.308886,0.000000
1.369807,0.310942,0.000000
1.404875,0.313325,0.000000
1.438851,0.316070,0.000000
1.471668,0.319205,0.000000
1.503255,0.322752,0.000000
1.533550,0.326721,0.000000
1.562492,0.331117,0.000000
1.590022,0.335936,0.000000
1.616091,0.341161,0.000000
1.640657,0.346768,0.000000
1.663684,0.352719,0.000000
1.685152,0.358968,0.000000
1.705054,0.365458,0.000000
1.723402,0.372124,0.000000
1.740229,0.378894,0.000000
1.755592,0.385697,0.000000
1.769574,0.392461,0.000000
1.782286,0.399124,0.000000
1.793863,0.405640,0.000000
1.804466,0.411986,0.000000
1.814271,0.418168,0.000000
1.823464,0.424224,0.000000
1.832229,0.430233,0.000000
1.840740,0.436304,0.000000
1.849145,0.442580,0.000000
1.857565,0.449225,0.000000
1.866084,0.456417,0.000000
1.874747,0.464336,0.000000
1.883564,0.473153,0.000000
1.892512,0.483023,0.000000
1.901543,0.494075,0.000000
1.910590,0.506415,0.000000
1.919577,0.520119,0.000000
1.928421,0.535234,0.000000
1.937040,0.551785,0.000000
1.945359,0.569775,0.000000
1.953307,0.589188,0.000000
1.960824,0.609994,0.000000
1.967860,0.632152,0.000000
1.974374,0.655614,0.000000
1.980334,0.680325,0.000000
1.985718,0.706226,0.000000
1.990438,0.733259,0.000000
1.994407,0.761356,0.000000
1.997614,0.790444,0.000000
2.000054,0.820453,0.000000
2.001724,0.851312,0.000000
2.002627,0.882953,0.000000
2.002766,0.915308,0.000000
2.002148,0.948312,0.000000
2.000781,0.981900,0.000000
1.998674,1.016009,0.000000
1.995838,1.050577,0.000000
1.992284,1.085544,0.000000
1.988024,1.120850,0.000000
1.983070,1.156439,0.000000
1.977435,1.192252,0.000000
1.971131,1.228234,0.000000
1.964170,1.264330,0.000000
1.956565,1.300486,0.000000
1.948328,1.336649,0.000000
1.939471,1.372767,0.000000
1.930005,1.408788,0.000000
1.919941,1.444662,0.000000
1.909291,1.480340,0.000000
1.898063,1.515773,0.000000
1.886267,1.550913,0.000000
1.873911,1.585712,0.000000
1.861004,1.620125,0.000000
1.847552,1.654106,0.000000
1.833560,1.687609,0.000000
1.819034,1.720591,0.000000
1.803976,1.753007,0.000000
1.788388,1.784814,0.000000
1.772271,1.815968,0.000000
1.755624,1.846424,0.000000
1.738442,1.876140,0.000000
1.720721,1.905068,0.000000
1.702453,1.933162,0.000000
1.683630,1.960374,0.000000
1.664241,1.986651,0.000000
1.644275,2.011939,0.000000
1.623720,2.036180,0.000000
1.602563,2.059314,0.000000
1.580798,2.081275,0.000000
1.558418,2.101998,0.000000
1.535425,2.121417,0.000000
1.511827,2.139469,0.000000
1.487641,2.156094,0.000000
1.462896,2.171245,0.000000
1.437636,2.184901,0.000000
1.411910,2.197059,0.000000
1.385760,2.207711,0.000000
1.359228,2.216862,0.000000
1.332352,2.224528,0.000000
1.305208,2.230877,0.000000
1.277919,2.236435,0.000000
1.250418,2.241234,0.000000
1.222624,2.245267,0.000000
1.194463,2.248522,0.000000
1.165858,2.250957,0.000000
1.136730,2.251947,0.000000
1.107094,2.251268,0.000000
1.076987,2.248936,0.000000
1.046441,2.244980,0.000000
1.015479,2.239441,0.000000
0.984119,2.232367,0.000000
0.952368,2.223805,0.000000
0.920232,2.213806,0.000000
0.887707,2.202415,0.000000
0.854790,2.189675,0.000000
0.821473,2.175624,0.000000
0.787748,2.160299,0.000000
0.753606,2.143732,0.000000
0.719040,2.125954,0.000000
0.684043,2.106992,0.000000
0.648608,2.086875,0.000000
0.612731,2.065630,0.000000
0.576408,2.043284,0.000000
0.539638,2.019864,0.000000
0.502419,1.995398,0.000000
0.464752,1.969916,0.000000
0.426638,1.943449,0.000000
0.388080,1.916028,0.000000
0.349080,1.887687,0.000000
0.309644,1.858461,0.000000
0.269776,1.828386,0.000000
0.229482,1.797501,0.000000
0.188767,1.765844,0.000000
0.147639,1.733458,0.000000
0.106104,1.700385,0.000000
0.064169,1.666669,0.000000
0.021844,1.632356,0.000000
-0.020866,1.597493,0.000000
-0.063950,1.562128,0.000000
-0.107402,1.526310,0.000000
-0.151211,1.490090,0.000000
-0.195370,1.453521,0.000000
-0.239871,1.416653,0.000000
-0.284717,1.379560,0.000000
-0.329859,1.342239,0.000000
-0.375331,1.304803,0.000000
-0.421110,1.267287,0.000000
-0.467187,1.229748,0.000000
-0.513556,1.192244,0.000000
-0.560209,1.154830,0.000000
-0.607138,1.117565,0.000000
-0.654354,1.080530,0.000000
-0.701909,1.043869,0.000000
-0.749794,1.007638,0.000000
-0.797995,0.971889,0.000000
-0.846499,0.936674,0.000000
-0.895295,0.902044,0.000000
-0.944372,0.868054,0.000000
-0.993718,0.834756,0.000000
-1.043326,0.802203,0.000000
-1.093186,0.770451,0.000000
-1.143289,0.739551,0.000000
-1.193628,0.709558,0.000000
-1.244195,0.680524,0.000000
-1.294982,0.652501,0.000000
-1.345982,0.625542,0.000000
-1.397186,0.599697,0.000000
-1.448585,0.575015,0.000000
-1.500171,0.551546,0.000000
-1.551931,0.529336,0.000000
-1.603852,0.508429,0.000000
-1.655919,0.488868,0.000000
-1.708115,0.470693,0.000000
-1.760418,0.453939,0.000000
-1.812804,0.438638,0.000000
-1.865246,0.424818,0.000000
-1.917710,0.412499,0.000000
-1.970161,0.401696,0.000000
-2.022559,0.392419,0.000000
-2.074858,0.384665,0.000000
-2.127011,0.378426,0.000000
-2.178966,0.373685,0.000000
-2.230669,0.370410,0.000000
-2.282063,0.368564,0.000000
-2.333089,0.368096,0.000000
-2.383688,0.368943,0.000000
-2.433800,0.371030,0.000000
-2.483366,0.374272,0.000000
-2.532327,0.378570,0.000000
-2.580627,0.383812,0.000000
-2.628209,0.389875,0.000000
-2.675018,0.396624,0.000000
-2.721001,0.403911,0.000000
-2.766103,0.411576,0.000000
-2.810268,0.419450,0.000000
-2.853439,0.427354,0.000000
-2.895551,0.435098,0.000000
-2.936536,0.442489,0.000000
