1.100000,-0.298848,0.000000
1.141104,-0.297654,0.000000
1.182586,-0.296379,0.000000
1.224349,-0.294947,0.000000
1.266305,-0.293282,0.000000
1.308375,-0.291310,0.000000
1.350487,-0.288958,0.000000
1.392577,-0.286154,0.000000
1.434584,-0.282829,0.000000
1.476456,-0.278912,0.000000
1.518144,-0.274334,0.000000
1.559602,-0.269027,0.000000
1.600788,-0.262922,0.000000
1.641662,-0.255951,0.000000
1.682184,-0.248049,0.000000
1.722317,-0.239147,0.000000
1.762020,-0.229181,0.000000
1.801252,-0.218088,0.000000
1.839968,-0.205808,0.000000
1.878121,-0.192283,0.000000
1.915655,-0.177462,0.000000
1.952514,-0.161300,0.000000
1.988631,-0.143759,0.000000
2.023936,-0.124812,0.000000
2.058353,-0.104441,0.000000
2.091800,-0.082642,0.000000
2.124194,-0.059422,0.000000
2.155448,-0.034801,0.000000
2.185476,-0.008813,0.000000
2.214193,0.018496,0.000000
2.241519,0.047071,0.000000
2.267381,0.076845,0.000000
2.291713,0.107744,0.000000
2.314461,0.139689,0.000000
2.335580,0.172596,0.000000
2.355042,0.206383,0.000000
2.372830,0.240964,0.000000
2.388938,0.276259,0.000000
2.403376,0.312194,0.000000
2.416163,0.348696,0.000000
2.427326,0.385704,0.000000
2.436900,0.423160,0.000000
2.444925,0.461014,0.000000
2.451442,0.499223,0.000000
2.456498,0.537749,0.000000
2.460134,0.576560,0.000000
2.462395,0.615625,0.000000
2.463320,0.654918,0.000000
2.462947,0.694415,0.000000
2.461373,0.734090,0.000000
2.458703,0.773927,0.000000
2.454976,0.813910,0.000000
2.450230,0.854025,0.000000
2.444500,0.894257,0.000000
2.437817,0.934587,0.000000
2.430211,0.974997,0.000000
2.421710,1.015467,0.000000
2.412338,1.055975,0.000000
2.402118,1.096498,0.000000
2.391072,1.137010,0.000000
2.379220,1.177484,0.000000
2.366579,1.217892,0.000000
2.353167,1.258203,0.000000
2.339000,1.298386,0.000000
2.324092,1.338408,0.000000
2.308457,1.378234,0.000000
2.292109,1.417829,0.000000
2.275059,1.457155,0.000000
2.257318,1.496174,0.000000
2.238897,1.534848,0.000000
2.219806,1.573136,0.000000
2.200054,1.610997,0.000000
2.179651,1.648389,0.000000
2.158603,1.685269,0.000000
2.136919,1.721592,0.000000
2.114607,1.757314,0.000000
2.091673,1.792389,0.000000
2.068124,1.826771,0.000000
2.043968,1.860410,0.000000
2.019210,1.893258,0.000000
1.993857,1.925264,0.000000
1.967916,1.956377,0.000000
1.941393,1.986544,0.000000
1.914296,2.015707,0.000000
1.886631,2.043811,0.000000
1.858407,2.070793,0.000000
1.829630,2.096590,0.000000
1.800310,2.121132,0.000000
1.770452,2.144343,0.000000
1.740063,2.166136,0.000000
1.709144,2.186410,0.000000
1.677687,2.205037,0.000000
1.645662,2.221836,0.000000
1.612979,2.236505,0.000000
1.579313,2.248317,0.000000
1.538940,2.247713,0.000000
1.500305,2.246297,0.000000
1.494083,2.302888,0.000000
1.472249,2.335018,0.000000
1.446905,2.362798,0.000000
1.419200,2.387924,0.000000
1.389539,2.410871,0.000000
1.357951,2.431131,0.000000
1.324275,2.447018,0.000000
1.289108,2.459316,0.000000
1.252842,2.468487,0.000000
1.215750,2.474750,0.000000
1.178053,2.478260,0.000000
1.139957,2.480176,0.000000
1.101488,2.480923,0.000000
1.062632,2.480500,0.000000
1.023373,2.478904,0.000000
0.983701,2.476127,0.000000
0.943609,2.472159,0.000000
0.903092,2.466992,0.000000
0.862148,2.460618,0.000000
0.820781,2.453033,0.000000
0.778995,2.444233,0.000000
0.736796,2.434222,0.000000
0.694193,2.423002,0.000000
0.651195,2.410586,0.000000
0.607813,2.396984,0.000000
0.564056,2.382215,0.000000
0.519936,2.366298,0.000000
0.475462,2.349257,0.000000
0.430647,2.331118,0.000000
0.385501,2.311912,0.000000
0.340035,2.291670,0.000000
0.294259,2.270426,0.000000
0.248184,2.248217,0.000000
0.201821,2.225083,0.000000
0.155182,2.201062,0.000000
0.108276,2.176200,0.000000
0.061116,2.150538,0.000000
0.013713,2.124125,0.000000
-0.033921,2.097008,0.000000
-0.081774,2.069236,0.000000
-0.129834,2.040859,0.000000
-0.178086,2.011931,0.000000
-0.226518,1.982505,0.000000
-0.275116,1.952635,0.000000
-0.323864,1.922378,0.000000
-0.372747,1.891792,0.000000
-0.421750,1.860934,0.000000
-0.470856,1.829865,0.000000
-0.520048,1.798644,0.000000
-0.569307,1.767333,0.000000
-0.618615,1.735994,0.000000
-0.667952,1.704691,0.000000
-0.717297,1.673485,0.000000
-0.766631,1.642443,0.000000
-0.815929,1.611628,0.000000
-0.865170,1.581104,0.000000
-0.914328,1.550938,0.000000
-0.963362,1.521168,0.000000
-1.012184,1.491773,0.000000
-1.060770,1.462814,0.000000
-1.109097,1.434360,0.000000
-1.157144,1.406479,0.000000
-1.204885,1.379236,0.000000
-1.252295,1.352695,0.000000
-1.299347,1.326917,0.000000
-1.346014,1.301961,0.000000
-1.392265,1.277884,0.000000
-1.438072,1.254739,0.000000
-1.483401,1.232577,0.000000
-1.528221,1.211444,0.000000
-1.572501,1.191382,0.000000
-1.616205,1.172430,0.000000
-1.659303,1.154619,0.000000
-1.701760,1.137977,0.000000
-1.743547,1.122523,0.000000
-1.784634,1.108273,0.000000
-1.824993,1.095231,0.000000
-1.864602,1.083397,0.000000
-1.903443,1.072760,0.000000
-1.941504,1.063303,0.000000
-1.978779,1.054999,0.000000
-2.015273,1.047815,0.000000
-2.051000,1.041710,0.000000
-2.085987,1.036637,0.000000
-2.120273,1.032544,0.000000
-2.153910,1.029376,0.000000
-2.186965,1.027078,0.000000
-2.219517,1.025595,0.000000
-2.251658,1.024876,0.000000
-2.283494,1.024875,0.000000
-2.315137,1.025550,0.000000
-2.346707,1.026870,0.000000
-2.378329,1.028808,0.000000
-2.410127,1.031344,0.000000
-2.442228,1.034464,0.000000
-2.474752,1.038155,0.000000
-2.507819,1.042406,0.000000
-2.541539,1.047199,0.000000
-2.576019,1.052512,0.000000
-2.611363,1.058312,0.000000
-2.647667,1.064553,0.000000
-2.685027,1.071171,0.000000
-2.723538,1.078083,0.000000
-2.763290,1.085184,0.000000
