55.839388,48.575038,4554.600000,1.702421,135650.036264,2.048500
56.412821,45.758915,4554.600000,1.704103,135497.937028,2.084650
56.987459,42.805264,4554.600000,1.710849,134761.392134,2.120800
57.482615,39.963973,4554.600000,1.718677,133959.606251,2.156950
57.895412,37.256636,4554.600000,1.727087,133156.024438,2.193100
58.231313,34.678384,4554.600000,1.736000,132415.329289,2.229250
58.496248,32.221773,4554.600000,1.745389,131720.528258,2.265400
58.695770,29.879551,4554.600000,1.755235,131029.559139,2.301550
58.834992,27.644953,4554.600000,1.765519,130342.903937,2.337700
58.918624,25.511688,4554.600000,1.776227,129660.988181,2.373850
58.951002,23.473910,4554.600000,1.787340,128984.192969,2.410000
58.936123,21.526177,4554.600000,1.798845,128372.980587,2.446150
58.877673,19.663424,4554.600000,1.810727,127793.872100,2.482300
58.779057,17.880928,4554.600000,1.822972,127217.261665,2.518450
58.643418,16.174285,4554.600000,1.835569,126643.448345,2.554600
58.473663,14.539383,4554.600000,1.848505,126072.706422,2.590750
58.272480,12.972379,4554.600000,1.861768,125509.435314,2.626900
58.042356,11.469681,4554.600000,1.875347,125028.039016,2.663050
57.785597,10.027925,4554.600000,1.889233,124547.474994,2.699200
57.504339,8.643964,4554.600000,1.903416,124067.969474,2.735350
57.200560,7.314845,4554.600000,1.917885,123589.734302,2.771500

67.105685,32.800529,4554.600000,1.679887,118395.983772,1.508750
66.136337,31.898825,4554.600000,1.687729,119652.328335,1.535375
65.228611,30.853030,4554.600000,1.698711,120694.192953,1.562000
64.353928,29.822435,4554.600000,1.709968,121715.952245,1.588625
63.507846,28.823128,4554.600000,1.721197,122739.617272,1.615250
62.688695,27.855597,4554.600000,1.732374,123767.146871,1.641875
61.895193,26.918679,4554.600000,1.743503,124798.180128,1.668500
61.126168,26.011085,4554.600000,1.754594,125832.077186,1.695125
60.380522,25.131568,4554.600000,1.765654,126868.155373,1.721750
59.657223,24.278934,4554.600000,1.776691,127905.717560,1.748375
58.955303,23.452048,4554.600000,1.787712,128944.056561,1.775000
58.273848,22.649823,4554.600000,1.798722,129982.456822,1.801625
57.611998,21.871221,4554.600000,1.809728,131020.195833,1.828250
56.968941,21.115248,4554.600000,1.820736,132056.545552,1.854875
56.343913,20.380955,4554.600000,1.831749,133090.773866,1.881500
55.736189,19.667431,4554.600000,1.842773,134122.146094,1.908125
55.145085,18.973804,4554.600000,1.853811,135149.926506,1.934750
54.569956,18.299240,4554.600000,1.864868,136173.379877,1.961375
54.010188,17.642934,4554.600000,1.875947,137191.773049,1.988000
53.465202,17.004119,4554.600000,1.887050,138204.376503,2.014625
52.934447,16.382056,4554.600000,1.898180,139210.465932,2.041250

61.016557,20.935901,4554.600000,1.782609,131922.274204,0.407971
60.797478,21.217263,4554.600000,1.782665,131646.595759,0.415170
60.583850,21.480617,4554.600000,1.783028,131340.380502,0.422370
60.372887,21.738323,4554.600000,1.783472,131031.912918,0.429569
60.164261,21.991811,4554.600000,1.783972,130724.294334,0.436769
59.957911,22.241308,4554.600000,1.784526,130417.908819,0.443968
59.753804,22.486904,4554.600000,1.785131,130112.844342,0.451168
59.551915,22.728673,4554.600000,1.785787,129809.155007,0.458367
59.352218,22.966686,4554.600000,1.786494,129506.889644,0.465567
59.154688,23.201012,4554.600000,1.787251,129206.094966,0.472766
58.959304,23.431717,4554.600000,1.788057,128906.815943,0.479966
58.766041,23.658868,4554.600000,1.788911,128609.095854,0.487165
58.574880,23.882528,4554.600000,1.789813,128312.976324,0.494365
58.385799,24.102759,4554.600000,1.790763,128027.921555,0.501564
58.198780,24.319622,4554.600000,1.791759,127746.041849,0.508763
58.013802,24.533176,4554.600000,1.792801,127465.535468,0.515963
57.830849,24.743479,4554.600000,1.793888,127186.443160,0.523162
57.649902,24.950588,4554.600000,1.795020,126908.804170,0.530362
57.470945,25.154557,4554.600000,1.796195,126632.656256,0.537561
57.293963,25.355442,4554.600000,1.797414,126358.035710,0.544761
57.118940,25.553293,4554.600000,1.798676,126084.977381,0.551960

67.103776,58.725517,4554.600000,1.917729,124605.996478,1.468695
65.586274,54.301848,4554.600000,1.906080,125048.734656,1.494613
64.256504,50.104556,4554.600000,1.894205,125455.216610,1.520531
63.100486,46.126385,4554.600000,1.881993,125883.963782,1.546449
62.105714,42.354519,4554.600000,1.869448,126348.990469,1.572367
61.260895,38.776644,4554.600000,1.856586,126785.890794,1.598285
60.555805,35.381415,4554.600000,1.843421,127191.000402,1.624203
59.981166,32.158419,4554.600000,1.829971,127610.774779,1.650122
59.528554,29.098092,4554.600000,1.816252,128081.179595,1.676040
59.190306,26.191642,4554.600000,1.802279,128514.396467,1.701958
58.959448,23.430982,4554.600000,1.788069,128905.471158,1.727876
58.829626,20.808671,4554.600000,1.773640,129384.887928,1.753794
58.795043,18.317855,4554.600000,1.759007,129845.091573,1.779712
58.850412,15.952223,4554.600000,1.744189,130254.248423,1.805630
58.990901,13.705959,4554.600000,1.729203,130738.568196,1.831549
59.212098,11.573707,4554.600000,1.714066,131221.390427,1.857467
59.509969,9.550537,4554.600000,1.698797,131640.478875,1.883385
59.880827,7.631909,4554.600000,1.683415,174973.395917,1.909303
60.321298,5.813650,4554.600000,1.667940,132674.920488,1.935221
60.828300,4.091932,4554.600000,1.652390,133158.618046,1.961139
61.399012,2.463242,4554.600000,1.636788,133738.398269,1.987057

64.094630,17.586580,4554.600000,1.523600,130330.546914,2.735804
63.541621,18.465466,4554.600000,1.546029,130562.854450,2.750203
63.025812,19.148944,4554.600000,1.571562,130444.507016,2.764602
62.514664,19.785177,4554.600000,1.597694,130295.425409,2.779001
62.004375,20.391850,4554.600000,1.624118,inf,2.793399
61.494570,20.970976,4554.600000,1.650793,130010.353200,2.807798
60.985278,21.522697,4554.600000,1.677709,129832.513454,2.822197
60.476581,22.046934,4554.600000,1.704861,129633.189215,2.836596
59.968567,22.543588,4554.600000,1.732244,129413.712626,2.850995
59.461331,23.012561,4554.600000,1.759853,129175.371464,2.865394
58.954966,23.453761,4554.600000,1.787682,128947.196715,2.879793
58.449571,23.867099,4554.600000,1.815727,128741.852406,2.894192
57.945244,24.252493,4554.600000,1.843980,128519.348131,2.908591
57.442090,24.609863,4554.600000,1.872438,128280.738589,2.922990
56.940212,24.939135,4554.600000,1.901093,128027.045060,2.937389
56.439718,25.240239,4554.600000,1.929941,127759.254205,2.951788
55.940719,25.513108,4554.600000,1.958974,127478.317188,2.966187
55.443325,25.757679,4554.600000,1.988188,127185.149085,2.980586
54.947652,25.973894,4554.600000,2.017575,126882.355917,2.994985
54.453818,26.161697,4554.600000,2.047129,126622.117614,3.009384
53.961940,26.321037,4554.600000,2.076844,126350.515282,3.023783

69.879799,28.657543,4554.600000,2.129549,153330.840754,0.006800
68.601731,28.061372,4554.600000,2.089246,150514.609428,0.006920
67.373778,27.468719,4554.600000,2.050773,147764.425871,0.007040
66.190205,26.896509,4554.600000,2.013740,145109.442490,0.007160
65.048309,26.345559,4554.600000,1.978038,142548.280781,0.007280
63.945875,25.814938,4554.600000,1.943592,140076.435613,0.007400
62.880875,25.303587,4554.600000,1.910336,137689.347433,0.007520
61.851423,24.810500,4554.600000,1.878210,135382.724179,0.007640
60.855757,24.334735,4554.600000,1.847156,133152.554912,0.007760
59.892230,23.875416,4554.600000,1.817121,130995.090846,0.007880
58.959303,23.431722,4554.600000,1.788057,128906.824664,0.008000
58.055530,23.002887,4554.600000,1.759916,126884.471413,0.008120
57.179558,22.588192,4554.600000,1.732655,124924.951139,0.008240
56.330116,22.186966,4554.600000,1.706233,123025.373127,0.008360
55.506009,21.798577,4554.600000,1.680613,121183.021568,0.008480
54.706113,21.422433,4554.600000,1.655757,119395.342513,0.008600
53.929370,21.057976,4554.600000,1.631633,117659.931983,0.008720
53.174783,20.704684,4554.600000,1.608207,115974.525102,0.008840
52.441411,20.362062,4554.600000,1.585451,114336.986177,0.008960
51.728367,20.029646,4554.600000,1.563335,112745.299599,0.009080
51.034812,19.706998,4554.600000,1.541834,111197.561518,0.009200

54.678369,27.177747,4554.600000,1.800022,128919.474643,0.000212
55.116892,26.794807,4554.600000,1.798772,128918.197744,0.000216
55.552982,26.413793,4554.600000,1.797534,128916.923444,0.000220
55.986685,26.034678,4554.600000,1.796309,128915.651763,0.000224
56.418046,25.657432,4554.600000,1.795096,128914.382722,0.000228
56.847106,25.282028,4554.600000,1.793894,128913.116337,0.000231
57.273908,24.908440,4554.600000,1.792705,128911.852621,0.000235
57.698490,24.536640,4554.600000,1.791527,128910.591587,0.000239
58.120892,24.166604,4554.600000,1.790359,128909.333245,0.000242
58.541151,23.798306,4554.600000,1.789203,128908.077602,0.000246
58.959303,23.431722,4554.600000,1.788057,128906.824664,0.000250
59.375383,23.066829,4554.600000,1.786921,128905.574435,0.000254
59.789424,22.703603,4554.600000,1.785795,128904.326919,0.000258
60.201461,22.342022,4554.600000,1.784680,128903.082118,0.000261
60.611524,21.982064,4554.600000,1.783573,128901.840031,0.000265
61.019645,21.623708,4554.600000,1.782477,128900.600657,0.000269
61.425854,21.266932,4554.600000,1.781389,inf,0.000273
61.830180,20.911716,4554.600000,1.780311,128898.130045,0.000276
62.232651,20.558040,4554.600000,1.779241,128896.898799,0.000280
62.633295,20.205884,4554.600000,1.778180,128895.670254,0.000284
63.032139,19.855230,4554.600000,1.777128,128894.444405,0.000287

54.179012,17.999331,4554.600000,1.781921,128792.386347,0.000212
54.663392,18.552519,4554.600000,1.782526,128803.886562,0.000216
55.146270,19.103343,4554.600000,1.783133,128815.372562,0.000220
55.627682,19.651865,4554.600000,1.783742,128826.845021,0.000224
56.107662,20.198143,4554.600000,1.784353,128838.304590,0.000228
56.586245,20.742234,4554.600000,1.784966,128849.751892,0.000231
57.063463,21.284193,4554.600000,1.785580,128861.187529,0.000235
57.539348,21.824072,4554.600000,1.786197,128872.612077,0.000239
58.013930,22.361920,4554.600000,1.786815,128884.026094,0.000242
58.487239,22.897788,4554.600000,1.787435,128895.430117,0.000246
58.959303,23.431722,4554.600000,1.788057,128906.824664,0.000250
59.430149,23.963767,4554.600000,1.788680,128918.210232,0.000254
59.899804,24.493967,4554.600000,1.789305,128929.587306,0.000258
60.368294,25.022364,4554.600000,1.789932,128940.956349,0.000261
60.835644,25.548998,4554.600000,1.790561,128952.317813,0.000265
61.301878,26.073910,4554.600000,1.791191,128963.672132,0.000269
61.767020,26.597137,4554.600000,1.791823,128975.019727,0.000273
62.231091,27.118717,4554.600000,1.792456,128986.361006,0.000276
62.694116,27.638684,4554.600000,1.793092,128997.696362,0.000280
63.156114,28.157074,4554.600000,1.793728,129009.026178,0.000284
63.617106,28.673920,4554.600000,1.794366,129020.350823,0.000287

58.654850,20.688492,4554.600000,1.766128,118131.808859,0.006800
58.686495,20.979686,4554.600000,1.768466,119236.185835,0.006920
58.717862,21.266876,4554.600000,1.770769,120334.153456,0.007040
58.748956,21.550163,4554.600000,1.773039,121425.887409,0.007160
58.779782,21.829647,4554.600000,1.775276,122511.556181,0.007280
58.810342,22.105421,4554.600000,1.777481,123591.321463,0.007400
58.840641,22.377577,4554.600000,1.779655,124665.338533,0.007520
58.870682,22.646202,4554.600000,1.781799,125733.756601,0.007640
58.900471,22.911381,4554.600000,1.783914,126796.719142,0.007760
58.930010,23.173194,4554.600000,1.785999,127854.364198,0.007880
58.959303,23.431722,4554.600000,1.788057,128906.824664,0.008000
58.988353,23.687039,4554.600000,1.790087,129954.228552,0.008120
59.017165,23.939220,4554.600000,1.792090,130996.699242,0.008240
59.045742,24.188335,4554.600000,1.794068,132034.355710,0.008360
59.074087,24.434451,4554.600000,1.796020,133067.312746,0.008480
59.102203,24.677637,4554.600000,1.797947,134095.681163,0.008600
59.130094,24.917955,4554.600000,1.799849,135124.312480,0.008720
59.157763,25.155467,4554.600000,1.801728,136149.030186,0.008840
59.185213,25.390235,4554.600000,1.803584,137169.519108,0.008960
59.212447,25.622314,4554.600000,1.805417,138185.875518,0.009080
59.239469,25.851763,4554.600000,1.807228,139198.192566,0.009200

56.934866,28.760765,4554.600000,1.773679,128943.618116,0.340000
57.030731,28.467695,4554.600000,1.774717,128941.533569,0.346000
57.144371,28.129063,4554.600000,1.775868,128939.135974,0.352000
57.277733,27.742061,4554.600000,1.777126,128936.409344,0.358000
57.433017,27.303566,4554.600000,1.778482,128933.336151,0.364000
57.612441,26.810740,4554.600000,1.779928,128929.901439,0.370000
57.818372,26.260701,4554.600000,1.781451,128926.090597,0.376000
58.053313,25.650595,4554.600000,1.783040,128921.889894,0.382000
58.319855,24.977683,4554.600000,1.784680,128917.287044,0.388000
58.620900,24.238930,4554.600000,1.786358,128912.268622,0.394000
58.959303,23.431722,4554.600000,1.788057,128906.824664,0.400000
59.338073,22.553463,4554.600000,1.789759,128900.946113,0.406000
59.760334,21.601668,4554.600000,1.791445,128894.625368,0.412000
60.229277,20.574048,4554.600000,1.793097,128887.856829,0.418000
60.748429,19.468075,4554.600000,1.794694,128880.634281,0.424000
61.321192,18.281748,4554.600000,1.796213,128872.955484,0.430000
61.951105,17.013166,4554.600000,1.797633,128864.819535,0.436000
62.641788,15.660607,4554.600000,1.798931,128856.227367,0.442000
63.396880,14.222628,4554.600000,1.800083,128847.182199,0.448000
64.220371,12.697619,4554.600000,1.801066,128837.687149,0.454000
65.116036,11.084571,4554.600000,1.801856,128827.749322,0.460000

84.720004,89.661946,4554.600000,2.088019,133977.926029,0.566950
80.107278,80.209175,4554.600000,2.054301,133464.953643,0.576955
76.089331,71.491033,4554.600000,2.021344,132963.685700,0.586960
72.603927,63.465300,4554.600000,1.989160,132470.297440,0.596965
69.594534,56.091074,4554.600000,1.957770,131980.860308,0.606970
67.009774,49.328952,4554.600000,1.927200,131491.299460,0.616975
64.802929,43.141113,4554.600000,1.897485,130997.342283,0.626980
62.931482,37.491341,4554.600000,1.868664,130494.456870,0.636985
61.356719,32.345003,4554.600000,1.840785,129977.778688,0.646990
60.043369,27.669003,4554.600000,1.813898,129442.022853,0.656995
58.959303,23.431722,4554.600000,1.788057,128906.824664,0.667000
58.075264,19.602950,4554.600000,1.763317,128387.574376,0.677005
57.364642,16.153815,4554.600000,1.739733,127836.370680,0.687010
56.803283,13.056721,4554.600000,1.717357,127246.046709,0.697015
56.369318,10.285287,4554.600000,1.696238,126608.382479,0.707020
56.043022,7.814298,4554.600000,1.676417,125913.842312,0.717025
55.806689,5.619660,4554.600000,1.657927,125189.379427,0.727030
55.644520,3.678368,4554.600000,1.640789,124471.340506,0.737035
55.542516,1.968487,4554.600000,1.625015,inf,0.747040
55.488385,0.469129,4554.600000,1.610603,122775.982956,0.757045
55.471443,-0.839545,4554.600000,1.597537,121830.637350,0.767050

55.160387,23.689383,4554.600000,1.841595,121889.072703,0.283050
55.531231,24.090349,4554.600000,1.833163,122616.085128,0.288045
55.893531,24.431932,4554.600000,1.824743,123400.184480,0.293040
56.257997,24.664775,4554.600000,1.817241,124165.582134,0.298035
56.626352,24.788861,4554.600000,1.810671,124906.619361,0.303030
56.999475,24.807819,4554.600000,1.804978,125623.726236,0.308025
57.378103,24.725106,4554.600000,1.800110,126317.815598,0.313020
57.762884,24.543713,4554.600000,1.796021,126989.769177,0.318015
58.154389,24.266197,4554.600000,1.792672,127640.385522,0.323010
58.553102,23.894725,4554.600000,1.790029,128270.371597,0.328005
58.959421,23.431119,4554.600000,1.788067,128905.721327,0.333000
59.373650,22.876903,4554.600000,1.786762,129519.741508,0.337995
59.795994,22.233346,4554.600000,1.786098,130112.398759,0.342990
60.226549,21.501507,4554.600000,1.786061,130683.794816,0.347985
60.665293,20.682276,4554.600000,1.786642,131233.912708,0.352980
61.112077,19.776423,4554.600000,1.787836,131762.611612,0.357975
61.566605,18.784644,4554.600000,1.789641,132269.621671,0.362970
62.028421,17.707611,4554.600000,1.792058,132754.538822,0.367965
62.496893,16.546029,4554.600000,1.795092,133216.819673,0.372960
62.971190,15.300688,4554.600000,1.798751,133655.776514,0.377955
63.450258,13.972531,4554.600000,1.803043,134070.572571,0.382950

68.510554,-12.339267,4554.600000,1.502101,156175.316831,0.566950
67.125681,-9.313055,4554.600000,1.522972,145626.389916,0.576955
65.843804,-6.160740,4554.600000,1.545225,139122.875617,0.586960
64.660321,-2.896215,4554.600000,1.568820,134963.722423,0.596965
63.570467,0.475495,4554.600000,1.593843,132267.951628,0.606970
62.570551,3.956380,4554.600000,1.620460,130535.846729,0.616975
61.658747,7.554372,4554.600000,1.648907,129461.533411,0.626980
60.835709,11.282719,4554.600000,1.679470,128844.012176,0.636985
60.105138,15.159590,4554.600000,1.712499,128657.404086,0.646990
59.474341,19.207779,4554.600000,1.748404,128730.145534,0.656995
58.954839,23.454405,4554.600000,1.787671,128948.378871,0.667000
58.562975,27.930456,4554.600000,1.830881,129435.195639,0.677005
58.320481,32.670026,4554.600000,1.878722,129979.765543,0.687010
58.254869,37.709010,4554.600000,1.932020,130679.646442,0.697015
58.399367,43.082956,4554.600000,1.991769,inf,0.707020
58.791983,48.823647,4554.600000,2.059166,132229.705480,0.717025
59.472985,54.953869,4554.600000,2.135651,132957.778525,0.727030
60.479773,61.479597,4554.600000,2.222960,inf,0.737035
61.837735,68.378541,4554.600000,2.323167,134513.239247,0.747040
63.545308,75.583354,4554.600000,2.438731,135029.396554,0.757045
65.551293,82.956496,4554.600000,2.572518,140412.252404,0.767050

